288
-1.00000000
1.00000000
-1.00000000
0.5
0.5
-0.57735027
0.57735027
-0.57735027
1.00000000
1.00000000
-1.00000000
0.5
0.5
0.57735027
0.57735027
-0.57735027
1.00000000
-1.00000000
-1.00000000
0.5
0.5
0.57735027
-0.57735027
-0.57735027
1.00000000
-1.00000000
-1.00000000
0.5
0.5
0.57735027
-0.57735027
-0.57735027
-1.00000000
-1.00000000
-1.00000000
0.5
0.5
-0.57735027
-0.57735027
-0.57735027
-1.00000000
1.00000000
-1.00000000
0.5
0.5
-0.57735027
0.57735027
-0.57735027
-1.00000000
-1.00000000
-1.00000000
0.5
0.5
-0.57735027
-0.57735027
-0.57735027
-1.00000000
-1.00000000
1.00000000
0.5
0.5
-0.57735027
-0.57735027
0.57735027
-1.00000000
1.00000000
1.00000000
0.5
0.5
-0.57735027
0.57735027
0.57735027
-1.00000000
1.00000000
1.00000000
0.5
0.5
-0.57735027
0.57735027
0.57735027
-1.00000000
1.00000000
-1.00000000
0.5
0.5
-0.57735027
0.57735027
-0.57735027
-1.00000000
-1.00000000
-1.00000000
0.5
0.5
-0.57735027
-0.57735027
-0.57735027
-1.00000000
-1.00000000
-1.00000000
0.5
0.5
-0.57735027
-0.57735027
-0.57735027
1.00000000
-1.00000000
-1.00000000
0.5
0.5
0.57735027
-0.57735027
-0.57735027
1.00000000
-1.00000000
1.00000000
0.5
0.5
0.57735027
-0.57735027
0.57735027
1.00000000
-1.00000000
1.00000000
0.5
0.5
0.57735027
-0.57735027
0.57735027
-1.00000000
-1.00000000
1.00000000
0.5
0.5
-0.57735027
-0.57735027
0.57735027
-1.00000000
-1.00000000
-1.00000000
0.5
0.5
-0.57735027
-0.57735027
-0.57735027
-1.00000000
1.00000000
1.00000000
0.5
0.5
-0.57735027
0.57735027
0.57735027
1.00000000
1.00000000
1.00000000
0.5
0.5
0.57735027
0.57735027
0.57735027
1.00000000
1.00000000
-1.00000000
0.5
0.5
0.57735027
0.57735027
-0.57735027
1.00000000
1.00000000
-1.00000000
0.5
0.5
0.57735027
0.57735027
-0.57735027
-1.00000000
1.00000000
-1.00000000
0.5
0.5
-0.57735027
0.57735027
-0.57735027
-1.00000000
1.00000000
1.00000000
0.5
0.5
-0.57735027
0.57735027
0.57735027
-1.00000000
-1.00000000
1.00000000
0.5
0.5
-0.57735027
-0.57735027
0.57735027
1.00000000
-1.00000000
1.00000000
0.5
0.5
0.57735027
-0.57735027
0.57735027
1.00000000
1.00000000
1.00000000
0.5
0.5
0.57735027
0.57735027
0.57735027
1.00000000
1.00000000
1.00000000
0.5
0.5
0.57735027
0.57735027
0.57735027
-1.00000000
1.00000000
1.00000000
0.5
0.5
-0.57735027
0.57735027
0.57735027
-1.00000000
-1.00000000
1.00000000
0.5
0.5
-0.57735027
-0.57735027
0.57735027
1.00000000
1.00000000
-1.00000000
0.5
0.5
0.57735027
0.57735027
-0.57735027
1.00000000
1.00000000
1.00000000
0.5
0.5
0.57735027
0.57735027
0.57735027
1.00000000
-1.00000000
1.00000000
0.5
0.5
0.57735027
-0.57735027
0.57735027
1.00000000
-1.00000000
1.00000000
0.5
0.5
0.57735027
-0.57735027
0.57735027
1.00000000
-1.00000000
-1.00000000
0.5
0.5
0.57735027
-0.57735027
-0.57735027
1.00000000
1.00000000
-1.00000000
0.5
0.5
0.57735027
0.57735027
-0.57735027
